16 3 747254 747203 747127 747287 747203 747239 
90 3 747064 747122 747399 747304 747425 747303 
59 3 747050 747064 747304 747459 
31 6 747311 747449 747142 747308 747294 747426 747293 747183 747453 747258 747136 747430 747201 747408 747015 747107 747173 747096 747076 747109 
89 4 747444 747381 747222 747142 747341 747220 747075 747156 747030 747371 747146 747257 747154 747437 747429 
50 4 747122 747238 747216 747425 747367 747364 
34 5 747281 747439 747115 747398 747397 
19 2 747064 747209 747247 
36 4 747212 747314 747373 747355 
10 3 747254 747127 747305 
72 5 747455 747186 747226 747027 747293 747306 747053 747145 747400 747341 747144 747297 747097 747140 747390 747188 
55 3 747379 747243 747209 747452 747214 747006 747346 
91 2 747359 747298 
66 3 747352 747323 747004 747212 747040 747333 747337 747300 747118 747329 
37 5 747376 747025 747424 747448 747457 747396 747381 747124 747264 747265 747214 747385 747244 747118 
13 4 747436 747114 747307 800002 747433 747244 
38 5 747322 747122 747222 747300 747238 
47 2 747342 747084 747083 747062 747038 747082 747168 747068 747306 747263 747068 747004 
98 3 747304 747232 747433 747303 747322 747271 
39 4 747050 747238 747209 747382 747399 747380 747303 747298 747169 747211 
41 1 747064 747386 747284 747447 747304 747050 747459 747303 747322 
23 2 747374 747231 747359 747210 747355 747221 747141 
25 2 747243 747097 747418 
9 4 747450 747455 747342 747167 747190 747377 747031 747275 747340 747374 747105 747411 747193 747010 747255 747445 747394 747387 747413 747384 
78 6 747270 747399 747149 747003 747448 747068 747004 747342 747085 747329 747268 
44 1 747138 747062 747068 747190 
29 6 747221 747135 747301 747028 747295 747235 747359 747298 747422 
5 4 747308 747094 747115 747295 747301 747235 747129 
21 3 747070 747240 747228 747453 747341 747328 747449 747261 747446 747336 747409 747451 747121 747229 747324 
70 4 747449 747385 747027 747429 747146 747325 747418 747444 747371 
52 3 747346 747130 747350 747262 747433 747396 747435 747420 
48 6 747366 747069 747217 747290 747194 747164 747167 
33 4 747455 747112 747234 747148 747021 747040 747167 747010 747150 747120 747039 747031 
60 4 747213 747265 747237 747113 747197 747449 747346 747264 747033 747350 747017 747253 747114 747195 
42 2 747254 747238 747070 747122 747147 747203 747210 747415 747419 747417 
51 2 747238 747239 747203 747421 747141 747209 747127 
69 2 747012 747181 747221 
1 4 747394 747178 747082 747084 747105 747150 747388 747343 747400 747451 747076 747024 747085 747049 747426 747390 747200 747263 747191 747270 
18 2 747124 747036 747327 
67 4 747060 747030 747196 747043 747132 747143 747388 747105 747306 747005 747285 747269 747110 747148 747049 747445 747411 
30 4 747050 747197 747396 747379 747434 747237 
11 2 747374 747286 747231 747221 747184 747260 747355 747087 747345 747210 
35 6 747284 747435 747359 
12 3 747193 747377 747173 747452 747424 747381 747145 747002 747279 747057 747054 747379 
104 4 800002 747436 
75 2 747286 747345 747221 747231 747087 747210 747273 747095 747011 
100 6 747220 747371 747017 747186 747070 747047 
2 4 747152 747047 747440 747413 
24 4 747024 747292 747170 747053 
3 5 747052 747098 747003 747360 747004 747170 747027 747327 747279 747201 747116 747263 747391 747446 747277 747008 747375 747288 747096 
